features: 
ficheiro: dataset_trans_v2_v3 join loan_train_modifed

correlation matrix:
							duration 				amount 				credits_mean 		withdrawals_mean 	average_balance_monthly		payment_monthly 		gender		client_age
duration					1.0					0.5932097238201222	-0.06913038526820595	-0.0593449380895435	-0.09967275840027304	-0.09611264836472473	-0.10083274862863878	-0.00786910285475834
amount					0.5932097238201222				1.0			0.1988355010600383		0.19271900032714576	0.0335002559614659		0.6662131848465285		-0.05029625943939	-0.046908943940179255
credits_mean			-0.06913038526820595	0.1988355010600383			1.0				0.6752482029569589	0.6895031839398736	0.3159339028538853	-0.009354422517959482	-0.012182814697025117
withdrawals_mean		-0.0593449380895435		0.19271900032714576	0.6752482029569589				1.0			0.5683279402560594	0.2568221817824826	0.07556811340885876	0.020214390523666012
average_balance_monthly	-0.09967275840027304	0.0335002559614659	0.6895031839398736		0.5683279402560594		1.0	0			.13878576817368302	0.06532457792118167	-0.06176326066189943
payment_monthly			-0.09611264836472473	0.6662131848465285	0.3159339028538853		0.2568221817824826	0.13878576817368302			1.0			0.020696867592961268	-0.0351595027111333
gender					-0.10083274862863878	-0.05029625943939	-0.009354422517959482	0.07556811340885876	0.06532457792118167	0.020696867592961268		1.0			-0.054813921890030225
client_age				-0.00786910285475834	-0.046908943940179255	-0.012182814697025117	0.020214390523666012	-0.06176326066189943	-0.0351595027111333	-0.054813921890030225	1.0


Para K = 3
chart: v3 k-3.PNG

Cluster 0: 80 items
Cluster 1: 99 items
Cluster 2: 149 items
Total number of items: 328

							cluster 0 			cluster 1			cluster 2
duration				0.8513028308628184	-0.6503808235039586	-0.02494312041700328
amount					1.3962168414833185	-0.3837577162643176	-0.4946666671711277
credits_mean			0.36556790271617523	0.765501365157074	-0.7048997809922406
withdrawals_mean		0.2928327035988588	0.7885702323694959	-0.6811749616945526
average_balance_monthly	0.12232131317072883	0.913599312754653	-0.6726982350091866
payment_monthly			0.8248995987113881	0.1833905207393553	-0.5647491909403172
gender					-0.16256859956372297 0.2038180830606355	-0.04813759904634287
client_age				-0.1131861139105493	-0.06596853526171725 0.10460251076344905



Para K = 4  (BEST)
chart: v3 k-4.PNG

Cluster 0: 120 items
Cluster 1: 59 items
Cluster 2: 61 items
Cluster 3: 88 items
Total number of items: 328

							cluster 0 			cluster 1			cluster 2			cluster 3
duration				0.1043541905320627	0.798737902817847	0.1968288812169457	-0.8142568282310698
amount					-0.6222954003493146	1.083964865424596	0.9189462087837476	-0.5151613381129772
credits_mean			-0.6658517994621935	1.0159699255869628	-0.6547673388697302	0.6806908863282556
withdrawals_mean		-0.6490541284507511	0.956677665624065	-0.5761384631256155	0.6430336294651505
average_balance_monthly	-0.6024850186744248	0.7290280561904856	-0.7678226190269741	0.8650309850720214
payment_monthly			-0.9009492845338131	0.5626171405790331	1.0308510873947674	0.13679075589561052
gender					-0.0710349685983809	0.09680019449677638	-0.1351494344012285	0.1256488665337592
client_age				0.16773178253124277	-0.14417132126253837 -0.20682177942158678 0.011300256766561151


Para K = 5
chart: v3 k-5.PNG

Cluster 0: 57 items
Cluster 1: 42 items
Cluster 2: 62 items
Cluster 3: 85 items
Cluster 4: 82 items
Total number of items: 328


							cluster 0 			cluster 1			cluster 2			cluster 3			cluster 4
duration				0.8516173355534837	0.6745961239502849	-1.0321643084073262	0.6330180752649833	-0.8132631049845104
amount					1.1102811644336124	1.3756056613812244	-0.703681184222022	-0.44150180370079584 -0.48665338310236994
credits_mean			0.9876509681899105	-0.6026115873719614	-0.7341058487138677	-0.6010182097002634	0.8001791698485392
withdrawals_mean		0.9090711613342237	-0.4566472179985594	-0.6597772139694488	-0.6249653274603274	0.7486630129283267
average_balance_monthly	0.6953185117819946	-0.6722961550023678	-0.6768562260736377	-0.5584194967187321	0.9516344704412641
payment_monthly			0.5284847060650463	0.959728854658317	-0.12381091290192843 -0.9073008116253427 0.17517811520386234
gender					0.0647326180009303	-0.36822208212221896 0.527557398125118	-0.2815133713529106	0.036532269564881564
client_age				-0.12751633858733705 -0.2161022730972548 -0.2893938618179776 0.3526897682288738	0.05254287686369775